0.000000000000000000e+00 2.546351798294400615e-01 9.015122308871150207e-04
2.500000000000000139e-02 2.395789543937708321e-01 2.256853669007029099e-03
5.000000000000000278e-02 2.242359510567297209e-01 2.818944828066260403e-03
7.500000000000001110e-02 2.073798591027067317e-01 3.699182947279158837e-03
1.000000000000000056e-01 1.897753652206154718e-01 4.360922562602782653e-03
1.250000000000000000e-01 1.695794586577678842e-01 6.427579995617560722e-03
1.500000000000000222e-01 1.514964627363737104e-01 6.061381141114642775e-03
1.750000000000000167e-01 1.286675713756025019e-01 8.076772472825299171e-03
2.000000000000000111e-01 9.854022988505747871e-02 9.678571791017888740e-03
2.250000000000000056e-01 6.850978123841305889e-02 1.504677838551317891e-02
2.500000000000000000e-01 3.299170930663700846e-02 1.685381839550719255e-02
2.750000000000000222e-01 5.112925472747497334e-03 1.098859275245953060e-02
3.000000000000000444e-01 0.000000000000000000e+00 0.000000000000000000e+00
3.250000000000000111e-01 0.000000000000000000e+00 0.000000000000000000e+00
3.500000000000000333e-01 0.000000000000000000e+00 0.000000000000000000e+00
3.750000000000000000e-01 0.000000000000000000e+00 0.000000000000000000e+00
4.000000000000000222e-01 0.000000000000000000e+00 0.000000000000000000e+00
4.250000000000000444e-01 0.000000000000000000e+00 0.000000000000000000e+00
4.500000000000000111e-01 0.000000000000000000e+00 0.000000000000000000e+00
4.750000000000000333e-01 0.000000000000000000e+00 0.000000000000000000e+00
5.000000000000000000e-01 0.000000000000000000e+00 0.000000000000000000e+00
