0.000000000000000000e+00 5.000000000000000000e-01 0.000000000000000000e+00 0.000000000000000000e+00 0.000000000000000000e+00
2.500000000000000139e-02 5.000000000000000000e-01 0.000000000000000000e+00 0.000000000000000000e+00 0.000000000000000000e+00
5.000000000000000278e-02 5.000000000000000000e-01 0.000000000000000000e+00 0.000000000000000000e+00 0.000000000000000000e+00
7.500000000000001110e-02 5.000000000000000000e-01 0.000000000000000000e+00 0.000000000000000000e+00 0.000000000000000000e+00
1.000000000000000056e-01 5.000000000000000000e-01 0.000000000000000000e+00 0.000000000000000000e+00 0.000000000000000000e+00
1.250000000000000000e-01 5.000000000000000000e-01 0.000000000000000000e+00 0.000000000000000000e+00 0.000000000000000000e+00
1.500000000000000222e-01 5.000000000000000000e-01 0.000000000000000000e+00 0.000000000000000000e+00 0.000000000000000000e+00
1.750000000000000167e-01 5.000000000000000000e-01 0.000000000000000000e+00 0.000000000000000000e+00 0.000000000000000000e+00
2.000000000000000111e-01 5.000000000000000000e-01 0.000000000000000000e+00 0.000000000000000000e+00 0.000000000000000000e+00
2.250000000000000056e-01 5.000000000000000000e-01 0.000000000000000000e+00 0.000000000000000000e+00 0.000000000000000000e+00
2.500000000000000000e-01 5.000000000000000000e-01 0.000000000000000000e+00 0.000000000000000000e+00 0.000000000000000000e+00
2.750000000000000222e-01 5.000000000000000000e-01 0.000000000000000000e+00 0.000000000000000000e+00 0.000000000000000000e+00
3.000000000000000444e-01 5.000000000000000000e-01 0.000000000000000000e+00 0.000000000000000000e+00 0.000000000000000000e+00
3.250000000000000111e-01 5.000000000000000000e-01 8.702515405596525366e-02 6.706901143145935773e-01 8.155316479628377940e-03
3.500000000000000333e-01 5.000000000000000000e-01 1.323593494292352735e-01 6.121739070134166738e-01 8.816856547929423707e-03
3.750000000000000000e-01 5.000000000000000000e-01 1.638609152439640393e-01 5.156981988352079549e-01 5.664596875515091022e-03
4.000000000000000222e-01 5.000000000000000000e-01 1.897752096171330671e-01 5.241922104354086454e-01 7.861015382549903924e-03
4.250000000000000444e-01 5.000000000000000000e-01 2.103508233154864349e-01 4.843029550434334030e-01 6.143270855618386192e-03
4.500000000000000111e-01 5.000000000000000000e-01 2.273672088089706000e-01 4.339131720323749497e-01 4.935541174805688908e-03
4.750000000000000333e-01 5.000000000000000000e-01 2.416436811799171636e-01 4.433837337755843766e-01 6.806641886003615520e-03
5.000000000000000000e-01 5.000000000000000000e-01 2.547161127386604607e-01 4.108235023785693496e-01 7.040551273147339743e-03
5.250000000000000222e-01 5.000000000000000000e-01 2.666004646934033717e-01 4.123423673761011932e-01 5.035544534894562108e-03
5.500000000000000444e-01 5.000000000000000000e-01 2.765343165976361650e-01 4.258138328749830337e-01 6.474735701814476885e-03
5.750000000000000666e-01 5.000000000000000000e-01 2.858978886756237681e-01 4.020943493972423122e-01 5.915410871439916174e-03
6.000000000000000888e-01 5.000000000000000000e-01 2.942747752298212061e-01 3.955632213796561047e-01 4.799514288331780711e-03
6.250000000000000000e-01 5.000000000000000000e-01 3.020032326497625874e-01 3.876128640658672020e-01 5.464614339470423576e-03
6.500000000000000222e-01 5.000000000000000000e-01 3.089394484291342335e-01 3.903666192010362135e-01 5.195131124087462061e-03
6.750000000000000444e-01 5.000000000000000000e-01 3.153287402767956382e-01 3.996272990684037740e-01 5.835642420031695449e-03
7.000000000000000666e-01 5.000000000000000000e-01 3.214473785230831382e-01 3.798558186363960587e-01 4.370425624245529231e-03
7.250000000000000888e-01 5.000000000000000000e-01 3.268943125568239405e-01 3.737016541562150351e-01 6.250629951266780358e-03
7.500000000000000000e-01 5.000000000000000000e-01 3.324565309627234844e-01 3.736038502053893873e-01 5.728928385769759338e-03
7.750000000000000222e-01 5.000000000000000000e-01 3.373365794524699757e-01 3.745580726791242765e-01 4.645322979862072897e-03
8.000000000000000444e-01 5.000000000000000000e-01 3.415033033639761628e-01 3.652209117032018670e-01 5.775664940236923707e-03
8.250000000000000666e-01 5.000000000000000000e-01 3.459992322456813540e-01 3.621778750795703883e-01 4.278671188211648040e-03
8.500000000000000888e-01 5.000000000000000000e-01 3.502750176785534020e-01 3.538885371936323354e-01 4.864439531386715795e-03
8.750000000000000000e-01 5.000000000000000000e-01 3.541405798565511742e-01 3.501253179794987513e-01 6.407617853288589092e-03
9.000000000000000222e-01 5.000000000000000000e-01 3.578409940398019629e-01 3.480627448779292643e-01 4.771758998007424174e-03
9.250000000000000444e-01 5.000000000000000000e-01 3.611329629255480289e-01 3.541997762898762003e-01 6.057912914370258695e-03
9.500000000000000666e-01 5.000000000000000000e-01 3.644638852409334273e-01 3.485349426643180593e-01 5.746274284211407880e-03
9.750000000000000888e-01 5.000000000000000000e-01 3.676444893423577720e-01 3.419033253090275615e-01 4.696518845533990266e-03
1.000000000000000000e+00 5.000000000000000000e-01 3.705038892817456020e-01 3.571116780136004976e-01 5.429715377749772323e-03
