0.000000000000000000e+00 2.553089210233592810e-01 5.307632953465415623e-04
1.000000000000000021e-02 2.480701223581757431e-01 9.773665782617649896e-04
2.000000000000000042e-02 2.426861846496106978e-01 1.870233557817039096e-03
2.999999999999999889e-02 2.368412013348164813e-01 8.711776038973187593e-04
4.000000000000000083e-02 2.294722135706340482e-01 2.032568066546866763e-03
5.000000000000000278e-02 2.237296551724138327e-01 2.998950268521101414e-03
5.999999999999999778e-02 2.171555951056730049e-01 2.683107166418887465e-03
7.000000000000000666e-02 2.089389988876529103e-01 2.588290261455828377e-03
8.000000000000000167e-02 2.045627586206896498e-01 3.936449175754536643e-03
8.999999999999999667e-02 1.979459844271412861e-01 4.118917462183579320e-03
1.000000000000000056e-01 1.887274749721913059e-01 2.211395625702160771e-03
1.100000000000000006e-01 1.824539265850945724e-01 2.077152315299257267e-03
1.199999999999999956e-01 1.741627586206896394e-01 7.022447403949906748e-03
1.300000000000000044e-01 1.646071635150166967e-01 4.897100790310791353e-03
1.400000000000000133e-01 1.575544382647386110e-01 3.680892846481034850e-03
1.499999999999999944e-01 1.509047385984427503e-01 5.393975915176240851e-03
1.600000000000000033e-01 1.408155728587319466e-01 4.106791419858878828e-03
1.700000000000000122e-01 1.332107675194660612e-01 5.177648423672147684e-03
1.799999999999999933e-01 1.249066073414905470e-01 9.033007602340518624e-03
1.900000000000000022e-01 1.130436484983314838e-01 6.430779582788370696e-03
2.000000000000000111e-01 9.166763070077864339e-02 1.321461524235175225e-02
2.099999999999999922e-01 8.545361512791990743e-02 1.791785412347501882e-02
2.200000000000000011e-01 7.167448275862067786e-02 1.314243429267835696e-02
2.300000000000000100e-01 5.768649610678532047e-02 1.506255548982200244e-02
2.399999999999999911e-01 5.796084538375973622e-02 7.189113144251973661e-03
2.500000000000000000e-01 3.566674082313681104e-02 1.986418729558821206e-02
2.600000000000000089e-01 1.767893214682981010e-02 1.565046939790206912e-02
2.700000000000000178e-01 1.237979977753058888e-02 1.543675824497174436e-02
2.800000000000000266e-01 0.000000000000000000e+00 0.000000000000000000e+00
2.899999999999999800e-01 0.000000000000000000e+00 0.000000000000000000e+00
2.999999999999999889e-01 0.000000000000000000e+00 0.000000000000000000e+00
3.099999999999999978e-01 0.000000000000000000e+00 0.000000000000000000e+00
3.200000000000000067e-01 0.000000000000000000e+00 0.000000000000000000e+00
3.300000000000000155e-01 0.000000000000000000e+00 0.000000000000000000e+00
3.400000000000000244e-01 0.000000000000000000e+00 0.000000000000000000e+00
3.500000000000000333e-01 0.000000000000000000e+00 0.000000000000000000e+00
3.599999999999999867e-01 0.000000000000000000e+00 0.000000000000000000e+00
3.699999999999999956e-01 0.000000000000000000e+00 0.000000000000000000e+00
3.800000000000000044e-01 0.000000000000000000e+00 0.000000000000000000e+00
3.900000000000000133e-01 0.000000000000000000e+00 0.000000000000000000e+00
4.000000000000000222e-01 0.000000000000000000e+00 0.000000000000000000e+00
4.100000000000000311e-01 0.000000000000000000e+00 0.000000000000000000e+00
4.199999999999999845e-01 0.000000000000000000e+00 0.000000000000000000e+00
4.299999999999999933e-01 0.000000000000000000e+00 0.000000000000000000e+00
4.400000000000000022e-01 0.000000000000000000e+00 0.000000000000000000e+00
4.500000000000000111e-01 0.000000000000000000e+00 0.000000000000000000e+00
4.600000000000000200e-01 0.000000000000000000e+00 0.000000000000000000e+00
4.700000000000000289e-01 0.000000000000000000e+00 0.000000000000000000e+00
4.799999999999999822e-01 0.000000000000000000e+00 0.000000000000000000e+00
4.899999999999999911e-01 0.000000000000000000e+00 0.000000000000000000e+00
5.000000000000000000e-01 0.000000000000000000e+00 0.000000000000000000e+00
