0.000000000000000000e+00 2.550775528364849776e-01 5.997852410524849299e-05
1.000000000000000021e-02 2.491609343715238956e-01 3.365936751835843293e-04
2.000000000000000042e-02 2.426127697441601838e-01 3.614716529891097603e-04
2.999999999999999889e-02 2.363623581757508529e-01 3.347492092588706105e-04
4.000000000000000083e-02 2.316487652947719633e-01 3.766611062101666695e-04
5.000000000000000278e-02 2.243451835372636261e-01 2.418838600184786342e-04
5.999999999999999778e-02 2.186699888765294419e-01 4.993554748572114326e-04
7.000000000000000666e-02 2.131765962180200424e-01 2.600846179951509288e-04
8.000000000000000167e-02 2.038343937708565201e-01 3.874345806413266634e-04
8.999999999999999667e-02 1.935654727474972470e-01 6.718565406440010030e-04
1.000000000000000056e-01 1.876829365962180141e-01 6.594999442576933261e-04
1.100000000000000006e-01 1.823024694104560806e-01 8.223583583123475959e-04
1.199999999999999956e-01 1.746232703003336995e-01 4.776829684794916425e-04
1.300000000000000044e-01 1.691037152391546283e-01 1.100156173130164639e-03
1.400000000000000133e-01 1.548672747497218949e-01 8.960361688437852102e-04
1.499999999999999944e-01 1.497651612903225793e-01 1.017281612923739195e-03
1.600000000000000033e-01 1.406445383759733214e-01 3.566327101576011920e-04
1.700000000000000122e-01 1.316798220244716489e-01 4.598682132767113913e-04
1.799999999999999933e-01 1.225672080088987537e-01 1.074834744618164859e-03
1.900000000000000022e-01 1.182154393770856321e-01 1.310955171356852468e-03
2.000000000000000111e-01 9.664400444938821277e-02 1.314063563626722848e-03
2.099999999999999922e-01 8.884271412680756763e-02 1.774591453812688442e-03
2.200000000000000011e-01 7.720791991101223772e-02 1.730958079981991839e-03
2.300000000000000100e-01 6.893650723025583626e-02 1.861655536860833604e-03
2.399999999999999911e-01 6.096551724137931616e-02 1.228532585473624721e-03
2.500000000000000000e-01 4.346518353726362000e-02 1.609047192107189266e-03
2.600000000000000089e-01 1.566531701890989947e-02 2.888334661169947998e-03
2.700000000000000178e-01 2.102780867630700632e-03 5.947562443404001220e-04
2.800000000000000266e-01 4.059710789766407014e-03 1.148259611640008605e-03
2.899999999999999800e-01 0.000000000000000000e+00 0.000000000000000000e+00
2.999999999999999889e-01 0.000000000000000000e+00 0.000000000000000000e+00
3.099999999999999978e-01 0.000000000000000000e+00 0.000000000000000000e+00
3.200000000000000067e-01 0.000000000000000000e+00 0.000000000000000000e+00
3.300000000000000155e-01 0.000000000000000000e+00 0.000000000000000000e+00
3.400000000000000244e-01 0.000000000000000000e+00 0.000000000000000000e+00
3.500000000000000333e-01 0.000000000000000000e+00 0.000000000000000000e+00
3.599999999999999867e-01 0.000000000000000000e+00 0.000000000000000000e+00
3.699999999999999956e-01 0.000000000000000000e+00 0.000000000000000000e+00
3.800000000000000044e-01 0.000000000000000000e+00 0.000000000000000000e+00
3.900000000000000133e-01 0.000000000000000000e+00 0.000000000000000000e+00
4.000000000000000222e-01 0.000000000000000000e+00 0.000000000000000000e+00
4.100000000000000311e-01 0.000000000000000000e+00 0.000000000000000000e+00
4.199999999999999845e-01 0.000000000000000000e+00 0.000000000000000000e+00
4.299999999999999933e-01 0.000000000000000000e+00 0.000000000000000000e+00
4.400000000000000022e-01 0.000000000000000000e+00 0.000000000000000000e+00
4.500000000000000111e-01 0.000000000000000000e+00 0.000000000000000000e+00
4.600000000000000200e-01 0.000000000000000000e+00 0.000000000000000000e+00
4.700000000000000289e-01 0.000000000000000000e+00 0.000000000000000000e+00
4.799999999999999822e-01 0.000000000000000000e+00 0.000000000000000000e+00
4.899999999999999911e-01 0.000000000000000000e+00 0.000000000000000000e+00
5.000000000000000000e-01 0.000000000000000000e+00 0.000000000000000000e+00
