5.500000000000000444e-01 0.000000000000000000e+00
5.550000000000000488e-01 5.900956618464960751e-02
5.600000000000000533e-01 8.443915461624025565e-02
5.650000000000000577e-01 1.129646273637374826e-01
5.700000000000000622e-01 1.402487208008898756e-01
5.750000000000000666e-01 1.761735261401557173e-01
5.800000000000000711e-01 1.958282536151279285e-01
5.850000000000000755e-01 2.195773081201335131e-01
5.900000000000000799e-01 2.397944382647385908e-01
5.950000000000000844e-01 2.576280311457174732e-01
6.000000000000000888e-01 2.807328142380423053e-01
6.050000000000000933e-01 2.907172413793103760e-01
6.100000000000000977e-01 3.129695216907675270e-01
6.150000000000001021e-01 3.300858731924360412e-01
6.200000000000001066e-01 3.501423804226919123e-01
6.250000000000001110e-01 3.642665183537263651e-01
6.300000000000001155e-01 3.774233592880978372e-01
6.350000000000001199e-01 3.938989988876529513e-01
6.400000000000001243e-01 4.087012235817575334e-01
6.450000000000001288e-01 4.217219132369299794e-01
6.500000000000001332e-01 4.357971078976641266e-01
6.550000000000001377e-01 4.488053392658509222e-01
6.600000000000001421e-01 4.617579532814238275e-01
6.650000000000001465e-01 4.781490545050055552e-01
6.700000000000001510e-01 4.886625139043381250e-01
6.750000000000001554e-01 5.030941045606229789e-01
6.800000000000001599e-01 5.142420467185762067e-01
6.850000000000001643e-01 5.250914349276973869e-01
6.900000000000001688e-01 5.375648498331480063e-01
6.950000000000001732e-01 5.492578420467185696e-01
7.000000000000001776e-01 5.588783092324804969e-01
