5.500000000000000444e-01 4.010099089706644193e+00 4.675702276969616045e-01
5.550000000000000488e-01 3.121107650200878769e+00 5.467025858284885187e-01
5.600000000000000533e-01 2.991372806517191840e+00 5.811284256861831699e-01
5.650000000000000577e-01 2.463212764151487377e+00 4.150685160943407004e-01
5.700000000000000622e-01 1.782104575470706997e+00 2.888034273187602419e-01
5.750000000000000666e-01 1.793097445808653712e+00 3.618729882800074127e-01
5.800000000000000711e-01 1.239423941321542877e+00 3.043895271307709982e-01
5.850000000000000755e-01 1.232118144867452747e+00 2.058088944399621145e-01
5.900000000000000799e-01 1.021855047444859554e+00 1.783998992183073729e-01
5.950000000000000844e-01 9.134979966617422509e-01 8.734950891446027765e-02
6.000000000000000888e-01 8.660377227941993272e-01 1.264634789000515513e-01
6.050000000000000933e-01 6.645270867024548611e-01 7.875734352870995825e-02
6.100000000000000977e-01 7.864174897086806393e-01 1.148817081330809065e-01
6.150000000000001021e-01 5.660574406614526932e-01 7.128370916013744563e-02
6.200000000000001066e-01 5.712157851822208254e-01 5.244842075855502689e-02
6.250000000000001110e-01 5.756625166264363047e-01 4.544697056021939491e-02
6.300000000000001155e-01 4.380188057178631689e-01 3.554664396134162713e-02
6.350000000000001199e-01 4.793172747868578720e-01 2.890967536425233242e-02
6.400000000000001243e-01 4.372792560266330897e-01 1.572442668929616150e-02
6.450000000000001288e-01 5.048736668230965341e-01 2.414028203742139486e-02
6.500000000000001332e-01 4.401845570595003809e-01 1.959685280004500735e-02
6.550000000000001377e-01 3.489204056912101892e-01 1.681015553868945092e-02
6.600000000000001421e-01 3.512514574962667946e-01 1.524374256256775736e-02
6.650000000000001465e-01 3.829098899902775854e-01 1.716265259447507727e-02
6.700000000000001510e-01 2.998745529886335248e-01 1.818414840557933815e-02
6.750000000000001554e-01 3.222508242379873988e-01 8.609400087692569911e-03
6.800000000000001599e-01 3.330774488030932567e-01 8.561988314672483794e-03
6.850000000000001643e-01 3.415982875547372011e-01 1.859791268523293406e-02
6.900000000000001688e-01 3.590028302366845558e-01 1.309647993562070012e-02
6.950000000000001732e-01 3.492957845882512791e-01 1.018310462999031871e-02
7.000000000000001776e-01 3.319565662501379744e-01 1.290189142239920803e-02
