0.000000000000000000e+00 8.800000000000000313e-04 8.400000000000000348e-04 1.160000000000000007e-03
1.000000000000000000e+00 5.199999999999999544e-04 4.800000000000000122e-04 7.200000000000000453e-04
2.000000000000000000e+00 6.400000000000000524e-04 5.800000000000000034e-04 1.039999999999999909e-03
3.000000000000000000e+00 6.800000000000000488e-04 6.199999999999999999e-04 1.080000000000000014e-03
4.000000000000000000e+00 6.999999999999999929e-04 6.400000000000000524e-04 1.299999999999999940e-03
5.000000000000000000e+00 6.199999999999999999e-04 7.399999999999999894e-04 1.340000000000000045e-03
6.000000000000000000e+00 7.799999999999999859e-04 7.600000000000000418e-04 1.500000000000000031e-03
7.000000000000000000e+00 1.020000000000000073e-03 7.600000000000000418e-04 1.719999999999999958e-03
8.000000000000000000e+00 9.799999999999999684e-04 5.999999999999999474e-04 2.099999999999999870e-03
9.000000000000000000e+00 1.260000000000000052e-03 6.199999999999999999e-04 2.480000000000000000e-03
1.000000000000000000e+01 1.280000000000000105e-03 7.600000000000000418e-04 2.820000000000000024e-03
1.100000000000000000e+01 1.459999999999999926e-03 8.000000000000000383e-04 3.320000000000000034e-03
1.200000000000000000e+01 1.500000000000000031e-03 9.399999999999999719e-04 3.459999999999999968e-03
1.300000000000000000e+01 1.600000000000000077e-03 1.100000000000000066e-03 3.700000000000000164e-03
1.400000000000000000e+01 1.799999999999999951e-03 1.379999999999999933e-03 4.279999999999999950e-03
1.500000000000000000e+01 1.820000000000000003e-03 1.500000000000000031e-03 4.380000000000000213e-03
1.600000000000000000e+01 1.899999999999999996e-03 1.420000000000000038e-03 4.720000000000000237e-03
1.700000000000000000e+01 2.099999999999999870e-03 1.580000000000000024e-03 5.440000000000000391e-03
1.800000000000000000e+01 2.160000000000000028e-03 1.840000000000000056e-03 6.320000000000000097e-03
1.900000000000000000e+01 2.099999999999999870e-03 1.920000000000000049e-03 6.740000000000000331e-03
2.000000000000000000e+01 2.500000000000000052e-03 1.940000000000000101e-03 7.320000000000000118e-03
2.100000000000000000e+01 2.480000000000000000e-03 2.380000000000000171e-03 7.820000000000000562e-03
2.200000000000000000e+01 2.619999999999999933e-03 2.639999999999999986e-03 8.080000000000000376e-03
2.300000000000000000e+01 3.139999999999999996e-03 3.000000000000000062e-03 8.980000000000000135e-03
2.400000000000000000e+01 3.059999999999999786e-03 2.880000000000000181e-03 9.419999999999999554e-03
2.500000000000000000e+01 3.200000000000000153e-03 2.939999999999999905e-03 1.005999999999999950e-02
2.600000000000000000e+01 3.419999999999999863e-03 3.220000000000000206e-03 1.128000000000000010e-02
2.700000000000000000e+01 3.500000000000000073e-03 3.320000000000000034e-03 1.156000000000000083e-02
2.800000000000000000e+01 3.840000000000000097e-03 3.680000000000000111e-03 1.302000000000000032e-02
2.900000000000000000e+01 3.799999999999999992e-03 3.739999999999999835e-03 1.355999999999999914e-02
3.000000000000000000e+01 4.159999999999999636e-03 3.619999999999999954e-03 1.438000000000000042e-02
3.100000000000000000e+01 4.519999999999999712e-03 3.880000000000000202e-03 1.553999999999999999e-02
3.200000000000000000e+01 4.780000000000000394e-03 4.340000000000000108e-03 1.676000000000000059e-02
3.300000000000000000e+01 5.100000000000000366e-03 4.660000000000000080e-03 1.799999999999999864e-02
3.400000000000000000e+01 5.499999999999999681e-03 5.060000000000000261e-03 1.907999999999999974e-02
3.500000000000000000e+01 5.599999999999999943e-03 5.360000000000000181e-03 2.011999999999999900e-02
3.600000000000000000e+01 5.919999999999999915e-03 5.499999999999999681e-03 2.178000000000000075e-02
3.700000000000000000e+01 6.620000000000000016e-03 6.000000000000000125e-03 2.272000000000000061e-02
3.800000000000000000e+01 6.420000000000000359e-03 6.199999999999999782e-03 2.434000000000000052e-02
3.900000000000000000e+01 6.559999999999999859e-03 6.279999999999999992e-03 2.612000000000000086e-02
4.000000000000000000e+01 6.539999999999999807e-03 6.360000000000000202e-03 2.793999999999999956e-02
4.100000000000000000e+01 6.859999999999999779e-03 7.159999999999999698e-03 2.895999999999999963e-02
4.200000000000000000e+01 7.559999999999999880e-03 7.599999999999999985e-03 3.130000000000000143e-02
4.300000000000000000e+01 7.700000000000000247e-03 7.879999999999999852e-03 3.420000000000000123e-02
4.400000000000000000e+01 7.979999999999999247e-03 8.580000000000000820e-03 3.529999999999999805e-02
4.500000000000000000e+01 8.519999999999999796e-03 9.020000000000000240e-03 3.692000000000000143e-02
4.600000000000000000e+01 8.619999999999999191e-03 9.239999999999999949e-03 3.896000000000000157e-02
4.700000000000000000e+01 8.959999999999999215e-03 9.660000000000000184e-03 4.075999999999999762e-02
4.800000000000000000e+01 9.599999999999999159e-03 1.035999999999999942e-02 4.295999999999999819e-02
4.900000000000000000e+01 9.900000000000000813e-03 1.072000000000000036e-02 4.478000000000000036e-02
5.000000000000000000e+01 1.034000000000000023e-02 1.114000000000000060e-02 4.585999999999999799e-02
5.100000000000000000e+01 1.073999999999999955e-02 1.084000000000000068e-02 4.929999999999999660e-02
5.200000000000000000e+01 1.118000000000000070e-02 1.128000000000000010e-02 5.020000000000000157e-02
5.300000000000000000e+01 1.085999999999999986e-02 1.196000000000000014e-02 5.208000000000000129e-02
5.400000000000000000e+01 1.084000000000000068e-02 1.280000000000000061e-02 5.469999999999999862e-02
5.500000000000000000e+01 1.174000000000000044e-02 1.302000000000000032e-02 5.840000000000000052e-02
5.600000000000000000e+01 1.153999999999999991e-02 1.366000000000000027e-02 6.044000000000000067e-02
5.700000000000000000e+01 1.187999999999999994e-02 1.454000000000000084e-02 6.464000000000000301e-02
5.800000000000000000e+01 1.178000000000000054e-02 1.545999999999999978e-02 6.737999999999999545e-02
5.900000000000000000e+01 1.243999999999999967e-02 1.617999999999999994e-02 6.994000000000000217e-02
6.000000000000000000e+01 1.269999999999999948e-02 1.689999999999999836e-02 7.259999999999999787e-02
6.100000000000000000e+01 1.288000000000000082e-02 1.768000000000000127e-02 7.599999999999999811e-02
6.200000000000000000e+01 1.272000000000000040e-02 1.909999999999999892e-02 7.925999999999999712e-02
6.300000000000000000e+01 1.371999999999999956e-02 2.040000000000000147e-02 8.276000000000000023e-02
6.400000000000000000e+01 1.427999999999999929e-02 2.152000000000000093e-02 8.577999999999999514e-02
6.500000000000000000e+01 1.507999999999999965e-02 2.220000000000000098e-02 8.871999999999999331e-02
6.600000000000000000e+01 1.553999999999999999e-02 2.262000000000000122e-02 9.031999999999999751e-02
6.700000000000000000e+01 1.533999999999999947e-02 2.327999999999999861e-02 9.435999999999999943e-02
6.800000000000000000e+01 1.566000000000000031e-02 2.484000000000000097e-02 9.604000000000000037e-02
6.900000000000000000e+01 1.558000000000000010e-02 2.481999999999999831e-02 9.847999999999999809e-02
7.000000000000000000e+01 1.611999999999999891e-02 2.597999999999999962e-02 1.023600000000000065e-01
7.100000000000000000e+01 1.711999999999999980e-02 2.680000000000000090e-02 1.061600000000000044e-01
7.200000000000000000e+01 1.754000000000000004e-02 2.740000000000000074e-02 1.092599999999999960e-01
7.300000000000000000e+01 1.805999999999999966e-02 2.832000000000000142e-02 1.139600000000000057e-01
7.400000000000000000e+01 1.831999999999999948e-02 2.876000000000000084e-02 1.176600000000000007e-01
7.500000000000000000e+01 1.881999999999999992e-02 3.025999999999999870e-02 1.215399999999999953e-01
7.600000000000000000e+01 1.953999999999999834e-02 3.151999999999999941e-02 1.252399999999999902e-01
7.700000000000000000e+01 1.998000000000000123e-02 3.201999999999999985e-02 1.280999999999999917e-01
7.800000000000000000e+01 2.058000000000000107e-02 3.336000000000000076e-02 1.324400000000000022e-01
7.900000000000000000e+01 2.058000000000000107e-02 3.413999999999999674e-02 1.363600000000000090e-01
8.000000000000000000e+01 2.165999999999999870e-02 3.504000000000000170e-02 1.396399999999999864e-01
8.100000000000000000e+01 2.278000000000000164e-02 3.649999999999999772e-02 1.455200000000000105e-01
8.200000000000000000e+01 2.346000000000000169e-02 3.792000000000000232e-02 1.489999999999999936e-01
8.300000000000000000e+01 2.443999999999999992e-02 3.948000000000000120e-02 1.537399999999999878e-01
8.400000000000000000e+01 2.481999999999999831e-02 4.062000000000000333e-02 1.580400000000000138e-01
8.500000000000000000e+01 2.596000000000000044e-02 4.207999999999999935e-02 1.610600000000000087e-01
8.600000000000000000e+01 2.667999999999999886e-02 4.286000000000000226e-02 1.644200000000000106e-01
8.700000000000000000e+01 2.696000000000000132e-02 4.397999999999999826e-02 1.700800000000000090e-01
8.800000000000000000e+01 2.727999999999999869e-02 4.442000000000000115e-02 1.753800000000000081e-01
8.900000000000000000e+01 2.834000000000000061e-02 4.667999999999999927e-02 1.812799999999999967e-01
9.000000000000000000e+01 2.869999999999999982e-02 4.728000000000000258e-02 1.852600000000000080e-01
9.100000000000000000e+01 2.963999999999999968e-02 4.818000000000000060e-02 1.914800000000000113e-01
9.200000000000000000e+01 3.065999999999999975e-02 4.857999999999999818e-02 1.939599999999999935e-01
9.300000000000000000e+01 3.130000000000000143e-02 4.989999999999999991e-02 1.983000000000000040e-01
9.400000000000000000e+01 3.191999999999999699e-02 5.086000000000000243e-02 2.042799999999999894e-01
9.500000000000000000e+01 3.262000000000000316e-02 5.283999999999999808e-02 2.074400000000000133e-01
9.600000000000000000e+01 3.438000000000000084e-02 5.390000000000000346e-02 2.103399999999999992e-01
9.700000000000000000e+01 3.463999999999999718e-02 5.544000000000000317e-02 2.161200000000000065e-01
9.800000000000000000e+01 3.588000000000000217e-02 5.587999999999999912e-02 2.220999999999999919e-01
9.900000000000000000e+01 3.765999999999999903e-02 5.734000000000000208e-02 2.258600000000000052e-01
1.000000000000000000e+02 3.740000000000000269e-02 5.881999999999999729e-02 2.303000000000000047e-01
1.010000000000000000e+02 3.876000000000000278e-02 6.119999999999999746e-02 2.364799999999999958e-01
1.020000000000000000e+02 3.905999999999999750e-02 6.289999999999999758e-02 2.407400000000000095e-01
1.030000000000000000e+02 3.955999999999999794e-02 6.465999999999999526e-02 2.434999999999999942e-01
1.040000000000000000e+02 4.157999999999999891e-02 6.586000000000000187e-02 2.463799999999999879e-01
1.050000000000000000e+02 4.331999999999999740e-02 6.569999999999999452e-02 2.491800000000000126e-01
1.060000000000000000e+02 4.483999999999999792e-02 6.568000000000000227e-02 2.516800000000000148e-01
1.070000000000000000e+02 4.522000000000000325e-02 6.669999999999999540e-02 2.561999999999999833e-01
1.080000000000000000e+02 4.587999999999999717e-02 6.973999999999999644e-02 2.614400000000000057e-01
1.090000000000000000e+02 4.682000000000000051e-02 7.048000000000000098e-02 2.652800000000000158e-01
1.100000000000000000e+02 4.760000000000000342e-02 7.173999999999999821e-02 2.697599999999999998e-01
1.110000000000000000e+02 4.778000000000000302e-02 7.335999999999999466e-02 2.741600000000000148e-01
1.120000000000000000e+02 4.807999999999999774e-02 7.513999999999999846e-02 2.783599999999999963e-01
1.130000000000000000e+02 4.837999999999999939e-02 7.702000000000000512e-02 2.823200000000000154e-01
1.140000000000000000e+02 4.921999999999999986e-02 7.829999999999999460e-02 2.849999999999999756e-01
1.150000000000000000e+02 4.973999999999999949e-02 7.865999999999999381e-02 2.876000000000000223e-01
1.160000000000000000e+02 5.018000000000000238e-02 8.029999999999999638e-02 2.891599999999999726e-01
1.170000000000000000e+02 5.111999999999999877e-02 8.273999999999999411e-02 2.925200000000000022e-01
1.180000000000000000e+02 5.231999999999999845e-02 8.329999999999999905e-02 2.988000000000000100e-01
1.190000000000000000e+02 5.342000000000000220e-02 8.619999999999999885e-02 2.991199999999999970e-01
1.200000000000000000e+02 5.426000000000000267e-02 8.848000000000000309e-02 2.980999999999999761e-01
1.210000000000000000e+02 5.537999999999999867e-02 9.013999999999999790e-02 3.015999999999999792e-01
1.220000000000000000e+02 5.571999999999999870e-02 9.134000000000000452e-02 3.055200000000000138e-01
1.230000000000000000e+02 5.714000000000000329e-02 9.357999999999999652e-02 3.085800000000000209e-01
1.240000000000000000e+02 5.775999999999999884e-02 9.447999999999999454e-02 3.088400000000000034e-01
1.250000000000000000e+02 5.811999999999999805e-02 9.643999999999999795e-02 3.101400000000000268e-01
1.260000000000000000e+02 5.784000000000000252e-02 9.855999999999999484e-02 3.114399999999999946e-01
1.270000000000000000e+02 5.874000000000000055e-02 9.995999999999999330e-02 3.140000000000000013e-01
1.280000000000000000e+02 5.942000000000000060e-02 1.016800000000000065e-01 3.133799999999999919e-01
1.290000000000000000e+02 6.094000000000000111e-02 1.041600000000000026e-01 3.144000000000000128e-01
1.300000000000000000e+02 6.185999999999999832e-02 1.052400000000000002e-01 3.134799999999999809e-01
1.310000000000000000e+02 6.347999999999999476e-02 1.057000000000000023e-01 3.145000000000000018e-01
1.320000000000000000e+02 6.551999999999999491e-02 1.077800000000000008e-01 3.183199999999999918e-01
1.330000000000000000e+02 6.764000000000000568e-02 1.095000000000000001e-01 3.202599999999999891e-01
1.340000000000000000e+02 6.755999999999999506e-02 1.095200000000000062e-01 3.161200000000000121e-01
1.350000000000000000e+02 6.936000000000000498e-02 1.112199999999999994e-01 3.193400000000000127e-01
1.360000000000000000e+02 7.045999999999999486e-02 1.147799999999999931e-01 3.198400000000000132e-01
1.370000000000000000e+02 7.163999999999999535e-02 1.165999999999999953e-01 3.194199999999999817e-01
1.380000000000000000e+02 7.299999999999999545e-02 1.182600000000000040e-01 3.179799999999999849e-01
1.390000000000000000e+02 7.481999999999999762e-02 1.183600000000000069e-01 3.221200000000000174e-01
1.400000000000000000e+02 7.589999999999999525e-02 1.203199999999999964e-01 3.236399999999999832e-01
1.410000000000000000e+02 7.832000000000000073e-02 1.211600000000000038e-01 3.248800000000000021e-01
1.420000000000000000e+02 7.989999999999999880e-02 1.203999999999999931e-01 3.229600000000000248e-01
1.430000000000000000e+02 8.024000000000000576e-02 1.226399999999999990e-01 3.221600000000000019e-01
1.440000000000000000e+02 8.065999999999999559e-02 1.237400000000000028e-01 3.207800000000000096e-01
1.450000000000000000e+02 8.337999999999999579e-02 1.250199999999999922e-01 3.221200000000000174e-01
1.460000000000000000e+02 8.562000000000000166e-02 1.255999999999999894e-01 3.229600000000000248e-01
1.470000000000000000e+02 8.641999999999999682e-02 1.275600000000000067e-01 3.220600000000000129e-01
1.480000000000000000e+02 8.716000000000000136e-02 1.319799999999999862e-01 3.249600000000000266e-01
1.490000000000000000e+02 8.826000000000000512e-02 1.333999999999999908e-01 3.257999999999999785e-01
1.500000000000000000e+02 8.959999999999999909e-02 1.341400000000000092e-01 3.271000000000000019e-01
1.510000000000000000e+02 9.021999999999999464e-02 1.348799999999999999e-01 3.255000000000000115e-01
1.520000000000000000e+02 9.142000000000000126e-02 1.352800000000000114e-01 3.268800000000000039e-01
1.530000000000000000e+02 9.293999999999999484e-02 1.358000000000000040e-01 3.255600000000000160e-01
1.540000000000000000e+02 9.274000000000000299e-02 1.364799999999999902e-01 3.262399999999999745e-01
1.550000000000000000e+02 9.364000000000000101e-02 1.373399999999999899e-01 3.273199999999999998e-01
1.560000000000000000e+02 9.293999999999999484e-02 1.382799999999999863e-01 3.279599999999999738e-01
1.570000000000000000e+02 9.493999999999999662e-02 1.421199999999999963e-01 3.290799999999999836e-01
1.580000000000000000e+02 9.719999999999999474e-02 1.414999999999999869e-01 3.272200000000000109e-01
1.590000000000000000e+02 9.854000000000000259e-02 1.434799999999999964e-01 3.277399999999999758e-01
1.600000000000000000e+02 1.002600000000000019e-01 1.438599999999999879e-01 3.262399999999999745e-01
1.610000000000000000e+02 1.021399999999999947e-01 1.473599999999999910e-01 3.258199999999999985e-01
1.620000000000000000e+02 1.035200000000000009e-01 1.476999999999999980e-01 3.259400000000000075e-01
1.630000000000000000e+02 1.047399999999999998e-01 1.492199999999999915e-01 3.277999999999999803e-01
1.640000000000000000e+02 1.046200000000000047e-01 1.505199999999999871e-01 3.259799999999999920e-01
1.650000000000000000e+02 1.029599999999999960e-01 1.517400000000000138e-01 3.276200000000000223e-01
1.660000000000000000e+02 1.040399999999999936e-01 1.522000000000000020e-01 3.280600000000000183e-01
1.670000000000000000e+02 1.056600000000000039e-01 1.529600000000000126e-01 3.272200000000000109e-01
1.680000000000000000e+02 1.075799999999999951e-01 1.548599999999999977e-01 3.256000000000000005e-01
1.690000000000000000e+02 1.076000000000000012e-01 1.551400000000000001e-01 3.259199999999999875e-01
1.700000000000000000e+02 1.087999999999999939e-01 1.555799999999999961e-01 3.266600000000000059e-01
1.710000000000000000e+02 1.100000000000000006e-01 1.575600000000000056e-01 3.272399999999999753e-01
1.720000000000000000e+02 1.119600000000000040e-01 1.576200000000000101e-01 3.263599999999999834e-01
1.730000000000000000e+02 1.127200000000000008e-01 1.576400000000000023e-01 3.272999999999999798e-01
1.740000000000000000e+02 1.135599999999999943e-01 1.585000000000000020e-01 3.287599999999999967e-01
1.750000000000000000e+02 1.150800000000000017e-01 1.586599999999999955e-01 3.288800000000000057e-01
1.760000000000000000e+02 1.159799999999999998e-01 1.576799999999999868e-01 3.291999999999999926e-01
1.770000000000000000e+02 1.189400000000000041e-01 1.584000000000000130e-01 3.287200000000000122e-01
1.780000000000000000e+02 1.199199999999999988e-01 1.572000000000000064e-01 3.290199999999999791e-01
1.790000000000000000e+02 1.209800000000000042e-01 1.562000000000000055e-01 3.285799999999999832e-01
1.800000000000000000e+02 1.214400000000000063e-01 1.568199999999999872e-01 3.300799999999999845e-01
1.810000000000000000e+02 1.224200000000000010e-01 1.573799999999999921e-01 3.279799999999999938e-01
1.820000000000000000e+02 1.236600000000000060e-01 1.569399999999999962e-01 3.292999999999999816e-01
1.830000000000000000e+02 1.251200000000000090e-01 1.560600000000000043e-01 3.268400000000000194e-01
1.840000000000000000e+02 1.255799999999999972e-01 1.567800000000000027e-01 3.266800000000000259e-01
1.850000000000000000e+02 1.254599999999999882e-01 1.567600000000000104e-01 3.295199999999999796e-01
1.860000000000000000e+02 1.245799999999999963e-01 1.572600000000000109e-01 3.309000000000000274e-01
1.870000000000000000e+02 1.241600000000000065e-01 1.568599999999999994e-01 3.266399999999999859e-01
1.880000000000000000e+02 1.251400000000000012e-01 1.559599999999999875e-01 3.262599999999999945e-01
1.890000000000000000e+02 1.255799999999999972e-01 1.584399999999999975e-01 3.258400000000000185e-01
1.900000000000000000e+02 1.267399999999999916e-01 1.600600000000000078e-01 3.279400000000000093e-01
1.910000000000000000e+02 1.259200000000000041e-01 1.590600000000000069e-01 3.282999999999999807e-01
1.920000000000000000e+02 1.270999999999999908e-01 1.599800000000000111e-01 3.288800000000000057e-01
1.930000000000000000e+02 1.275600000000000067e-01 1.610800000000000010e-01 3.300799999999999845e-01
1.940000000000000000e+02 1.293799999999999950e-01 1.597999999999999976e-01 3.334400000000000142e-01
1.950000000000000000e+02 1.292000000000000093e-01 1.601400000000000046e-01 3.325600000000000223e-01
1.960000000000000000e+02 1.289399999999999991e-01 1.608799999999999952e-01 3.326999999999999957e-01
1.970000000000000000e+02 1.302000000000000102e-01 1.614800000000000124e-01 3.314400000000000124e-01
1.980000000000000000e+02 1.311400000000000066e-01 1.615399999999999892e-01 3.300000000000000155e-01
1.990000000000000000e+02 1.318400000000000127e-01 1.633000000000000007e-01 3.284400000000000097e-01
2.000000000000000000e+02 1.323199999999999932e-01 1.640000000000000069e-01 3.285000000000000142e-01
2.010000000000000000e+02 1.348600000000000076e-01 1.647200000000000053e-01 3.287999999999999812e-01
2.020000000000000000e+02 1.355600000000000138e-01 1.660000000000000087e-01 3.248599999999999821e-01
2.030000000000000000e+02 1.356400000000000106e-01 1.660800000000000054e-01 3.245799999999999796e-01
2.040000000000000000e+02 1.366999999999999882e-01 1.646799999999999931e-01 3.275199999999999778e-01
2.050000000000000000e+02 1.376600000000000046e-01 1.636599999999999999e-01 3.243199999999999972e-01
2.060000000000000000e+02 1.375800000000000078e-01 1.635000000000000064e-01 3.247800000000000131e-01
2.070000000000000000e+02 1.378999999999999948e-01 1.623799999999999966e-01 3.244600000000000262e-01
2.080000000000000000e+02 1.393399999999999916e-01 1.633199999999999930e-01 3.239199999999999857e-01
2.090000000000000000e+02 1.401799999999999990e-01 1.626599999999999990e-01 3.238199999999999967e-01
2.100000000000000000e+02 1.416999999999999926e-01 1.617599999999999871e-01 3.270000000000000129e-01
2.110000000000000000e+02 1.411199999999999954e-01 1.595799999999999996e-01 3.282200000000000117e-01
2.120000000000000000e+02 1.418600000000000139e-01 1.600199999999999956e-01 3.288800000000000057e-01
2.130000000000000000e+02 1.428399999999999948e-01 1.605600000000000083e-01 3.285000000000000142e-01
2.140000000000000000e+02 1.438200000000000034e-01 1.600600000000000078e-01 3.283400000000000207e-01
2.150000000000000000e+02 1.453800000000000092e-01 1.617599999999999871e-01 3.281000000000000028e-01
2.160000000000000000e+02 1.438399999999999956e-01 1.610800000000000010e-01 3.281200000000000228e-01
2.170000000000000000e+02 1.419799999999999951e-01 1.611200000000000132e-01 3.253599999999999826e-01
2.180000000000000000e+02 1.408000000000000085e-01 1.604200000000000070e-01 3.254799999999999915e-01
2.190000000000000000e+02 1.411799999999999999e-01 1.601799999999999891e-01 3.274199999999999888e-01
2.200000000000000000e+02 1.409600000000000020e-01 1.607800000000000062e-01 3.285799999999999832e-01
2.210000000000000000e+02 1.411999999999999922e-01 1.623400000000000121e-01 3.283599999999999852e-01
2.220000000000000000e+02 1.432199999999999862e-01 1.632800000000000085e-01 3.266999999999999904e-01
2.230000000000000000e+02 1.436800000000000022e-01 1.647599999999999898e-01 3.266200000000000214e-01
2.240000000000000000e+02 1.428599999999999870e-01 1.640800000000000036e-01 3.274599999999999733e-01
2.250000000000000000e+02 1.419400000000000106e-01 1.636799999999999922e-01 3.291200000000000236e-01
2.260000000000000000e+02 1.422200000000000131e-01 1.635999999999999954e-01 3.266000000000000014e-01
2.270000000000000000e+02 1.439999999999999891e-01 1.621199999999999863e-01 3.268400000000000194e-01
2.280000000000000000e+02 1.431999999999999940e-01 1.642800000000000094e-01 3.254799999999999915e-01
2.290000000000000000e+02 1.428599999999999870e-01 1.654200000000000115e-01 3.273400000000000198e-01
2.300000000000000000e+02 1.431199999999999972e-01 1.647599999999999898e-01 3.262399999999999745e-01
2.310000000000000000e+02 1.430400000000000005e-01 1.638000000000000012e-01 3.260600000000000165e-01
2.320000000000000000e+02 1.437400000000000067e-01 1.654599999999999960e-01 3.291999999999999926e-01
2.330000000000000000e+02 1.439999999999999891e-01 1.660399999999999932e-01 3.268800000000000039e-01
2.340000000000000000e+02 1.422599999999999976e-01 1.656600000000000017e-01 3.255600000000000160e-01
2.350000000000000000e+02 1.423800000000000066e-01 1.666999999999999871e-01 3.246600000000000041e-01
2.360000000000000000e+02 1.439600000000000046e-01 1.674200000000000133e-01 3.276000000000000023e-01
2.370000000000000000e+02 1.436000000000000054e-01 1.670999999999999985e-01 3.276399999999999868e-01
2.380000000000000000e+02 1.434999999999999887e-01 1.656199999999999894e-01 3.297800000000000176e-01
2.390000000000000000e+02 1.439999999999999891e-01 1.659799999999999887e-01 3.280000000000000138e-01
2.400000000000000000e+02 1.461999999999999966e-01 1.666600000000000026e-01 3.255399999999999960e-01
2.410000000000000000e+02 1.470200000000000118e-01 1.669799999999999895e-01 3.267999999999999794e-01
2.420000000000000000e+02 1.476200000000000012e-01 1.657800000000000107e-01 3.257800000000000140e-01
2.430000000000000000e+02 1.482600000000000029e-01 1.668600000000000083e-01 3.269199999999999884e-01
2.440000000000000000e+02 1.476200000000000012e-01 1.654599999999999960e-01 3.286600000000000077e-01
2.450000000000000000e+02 1.457199999999999884e-01 1.646199999999999886e-01 3.281200000000000228e-01
2.460000000000000000e+02 1.464199999999999946e-01 1.691999999999999893e-01 3.259600000000000275e-01
2.470000000000000000e+02 1.430200000000000082e-01 1.674200000000000133e-01 3.251999999999999891e-01
2.480000000000000000e+02 1.432799999999999907e-01 1.668600000000000083e-01 3.247399999999999731e-01
2.490000000000000000e+02 1.444999999999999896e-01 1.653399999999999870e-01 3.221800000000000219e-01
2.500000000000000000e+02 1.451800000000000035e-01 1.652800000000000102e-01 3.227800000000000114e-01
2.510000000000000000e+02 1.468800000000000106e-01 1.643799999999999983e-01 3.216600000000000015e-01
2.520000000000000000e+02 1.472199999999999898e-01 1.633199999999999930e-01 3.224199999999999844e-01
2.530000000000000000e+02 1.478599999999999914e-01 1.616400000000000059e-01 3.217800000000000105e-01
2.540000000000000000e+02 1.473800000000000110e-01 1.618600000000000039e-01 3.223799999999999999e-01
2.550000000000000000e+02 1.475400000000000045e-01 1.637599999999999889e-01 3.247200000000000086e-01
2.560000000000000000e+02 1.484999999999999931e-01 1.634799999999999864e-01 3.272999999999999798e-01
2.570000000000000000e+02 1.476999999999999980e-01 1.626199999999999868e-01 3.284199999999999897e-01
2.580000000000000000e+02 1.497600000000000042e-01 1.626400000000000068e-01 3.282599999999999962e-01
2.590000000000000000e+02 1.491800000000000070e-01 1.630800000000000027e-01 3.281999999999999917e-01
2.600000000000000000e+02 1.488599999999999923e-01 1.621799999999999908e-01 3.284199999999999897e-01
2.610000000000000000e+02 1.484199999999999964e-01 1.616400000000000059e-01 3.271600000000000064e-01
2.620000000000000000e+02 1.497400000000000120e-01 1.614200000000000079e-01 3.256600000000000050e-01
2.630000000000000000e+02 1.496399999999999952e-01 1.617599999999999871e-01 3.266000000000000014e-01
2.640000000000000000e+02 1.503400000000000014e-01 1.631599999999999995e-01 3.264199999999999879e-01
2.650000000000000000e+02 1.506399999999999961e-01 1.650800000000000045e-01 3.255000000000000115e-01
2.660000000000000000e+02 1.524399999999999922e-01 1.653399999999999870e-01 3.266000000000000014e-01
2.670000000000000000e+02 1.524800000000000044e-01 1.646600000000000008e-01 3.250799999999999801e-01
2.680000000000000000e+02 1.526399999999999979e-01 1.646799999999999931e-01 3.253599999999999826e-01
2.690000000000000000e+02 1.521800000000000097e-01 1.636799999999999922e-01 3.234799999999999898e-01
2.700000000000000000e+02 1.547800000000000009e-01 1.656600000000000017e-01 3.220000000000000084e-01
2.710000000000000000e+02 1.562199999999999978e-01 1.648600000000000065e-01 3.214199999999999835e-01
2.720000000000000000e+02 1.549999999999999989e-01 1.633000000000000007e-01 3.212599999999999900e-01
2.730000000000000000e+02 1.552999999999999936e-01 1.638400000000000134e-01 3.198799999999999977e-01
2.740000000000000000e+02 1.548799999999999899e-01 1.655600000000000127e-01 3.221999999999999864e-01
2.750000000000000000e+02 1.552800000000000014e-01 1.645399999999999918e-01 3.251600000000000046e-01
2.760000000000000000e+02 1.548400000000000054e-01 1.649400000000000033e-01 3.234199999999999853e-01
2.770000000000000000e+02 1.542600000000000082e-01 1.647200000000000053e-01 3.226800000000000224e-01
2.780000000000000000e+02 1.542399999999999882e-01 1.639599999999999946e-01 3.241200000000000192e-01
2.790000000000000000e+02 1.538599999999999968e-01 1.628999999999999893e-01 3.260799999999999810e-01
2.800000000000000000e+02 1.529800000000000049e-01 1.611799999999999899e-01 3.250799999999999801e-01
2.810000000000000000e+02 1.506399999999999961e-01 1.631400000000000072e-01 3.267999999999999794e-01
2.820000000000000000e+02 1.522600000000000064e-01 1.620399999999999896e-01 3.250000000000000111e-01
2.830000000000000000e+02 1.502000000000000002e-01 1.613999999999999879e-01 3.266800000000000259e-01
2.840000000000000000e+02 1.516399999999999970e-01 1.623600000000000043e-01 3.253800000000000026e-01
2.850000000000000000e+02 1.515400000000000080e-01 1.642399999999999971e-01 3.246800000000000241e-01
2.860000000000000000e+02 1.518799999999999872e-01 1.642200000000000049e-01 3.259400000000000075e-01
2.870000000000000000e+02 1.518400000000000027e-01 1.653799999999999992e-01 3.265600000000000169e-01
2.880000000000000000e+02 1.530600000000000016e-01 1.677599999999999925e-01 3.262999999999999790e-01
2.890000000000000000e+02 1.537399999999999878e-01 1.690399999999999958e-01 3.262399999999999745e-01
2.900000000000000000e+02 1.531399999999999983e-01 1.666600000000000026e-01 3.261999999999999900e-01
2.910000000000000000e+02 1.527799999999999991e-01 1.678800000000000014e-01 3.260799999999999810e-01
2.920000000000000000e+02 1.524000000000000077e-01 1.672200000000000075e-01 3.268400000000000194e-01
2.930000000000000000e+02 1.532199999999999951e-01 1.676400000000000112e-01 3.288200000000000012e-01
2.940000000000000000e+02 1.543599999999999972e-01 1.677200000000000080e-01 3.270799999999999819e-01
2.950000000000000000e+02 1.538799999999999890e-01 1.672800000000000120e-01 3.268400000000000194e-01
2.960000000000000000e+02 1.527799999999999991e-01 1.667800000000000116e-01 3.281800000000000272e-01
2.970000000000000000e+02 1.532999999999999918e-01 1.635800000000000032e-01 3.285000000000000142e-01
2.980000000000000000e+02 1.534399999999999931e-01 1.644400000000000028e-01 3.265399999999999969e-01
2.990000000000000000e+02 1.542800000000000005e-01 1.663000000000000034e-01 3.267200000000000104e-01
