6.620000000000000000e+02
6.740000000000000000e+02
5.990000000000000000e+02
1.158000000000000000e+03
7.670000000000000000e+02
3.160000000000000000e+02
1.879000000000000000e+03
1.554000000000000000e+03
2.062000000000000000e+03
4.770000000000000000e+02
1.236000000000000000e+03
9.300000000000000000e+02
9.340000000000000000e+02
7.600000000000000000e+02
8.330000000000000000e+02
1.884000000000000000e+03
1.042000000000000000e+03
3.690000000000000000e+02
2.660000000000000000e+02
6.900000000000000000e+02
9.140000000000000000e+02
1.970000000000000000e+02
1.385000000000000000e+03
6.830000000000000000e+02
3.990000000000000000e+02
3.680000000000000000e+02
4.000000000000000000e+02
1.307000000000000000e+03
5.620000000000000000e+02
5.780000000000000000e+02
3.760000000000000000e+02
9.090000000000000000e+02
4.370000000000000000e+02
4.610000000000000000e+02
7.580000000000000000e+02
5.980000000000000000e+02
3.730000000000000000e+02
1.860000000000000000e+02
6.760000000000000000e+02
5.160000000000000000e+02
6.310000000000000000e+02
1.973000000000000000e+03
6.560000000000000000e+02
1.195000000000000000e+03
1.655000000000000000e+03
7.660000000000000000e+02
9.040000000000000000e+02
2.310000000000000000e+02
2.831000000000000000e+03
1.332000000000000000e+03
1.026000000000000000e+03
4.560000000000000000e+02
2.820000000000000000e+02
2.910000000000000000e+02
3.990000000000000000e+02
2.980000000000000000e+02
8.400000000000000000e+02
2.390000000000000000e+02
4.990000000000000000e+02
3.100000000000000000e+02
1.543000000000000000e+03
2.510000000000000000e+02
7.080000000000000000e+02
2.460000000000000000e+02
8.810000000000000000e+02
1.033000000000000000e+03
4.640000000000000000e+02
3.160000000000000000e+02
7.360000000000000000e+02
3.410000000000000000e+02
9.200000000000000000e+02
1.338000000000000000e+03
4.970000000000000000e+02
1.601000000000000000e+03
4.030000000000000000e+02
1.265000000000000000e+03
6.030000000000000000e+02
1.670000000000000000e+02
1.046000000000000000e+03
6.120000000000000000e+02
4.290000000000000000e+02
2.420000000000000000e+02
4.140000000000000000e+02
5.670000000000000000e+02
8.190000000000000000e+02
3.590000000000000000e+02
1.438000000000000000e+03
1.459000000000000000e+03
2.610000000000000000e+03
3.160000000000000000e+02
2.730000000000000000e+02
1.437000000000000000e+03
7.880000000000000000e+02
7.950000000000000000e+02
3.000000000000000000e+02
3.960000000000000000e+02
4.850000000000000000e+02
1.054000000000000000e+03
2.630000000000000000e+02
5.790000000000000000e+02
1.059000000000000000e+03
9.900000000000000000e+02
6.810000000000000000e+02
3.150000000000000000e+02
1.670000000000000000e+02
4.250000000000000000e+02
2.760000000000000000e+02
1.645000000000000000e+03
3.460000000000000000e+02
2.610000000000000000e+02
8.800000000000000000e+02
6.000000000000000000e+02
2.180000000000000000e+02
7.300000000000000000e+02
3.580000000000000000e+02
2.684000000000000000e+03
1.294000000000000000e+03
5.660000000000000000e+02
7.530000000000000000e+02
7.230000000000000000e+02
7.090000000000000000e+02
4.270000000000000000e+02
9.840000000000000000e+02
7.960000000000000000e+02
3.450000000000000000e+02
4.520000000000000000e+02
3.480000000000000000e+02
5.380000000000000000e+02
1.014000000000000000e+03
4.130000000000000000e+02
5.230000000000000000e+02
7.310000000000000000e+02
5.520000000000000000e+02
6.290000000000000000e+02
4.110000000000000000e+02
1.496000000000000000e+03
6.000000000000000000e+02
6.260000000000000000e+02
8.450000000000000000e+02
6.560000000000000000e+02
9.900000000000000000e+02
4.020000000000000000e+02
3.260000000000000000e+02
1.441000000000000000e+03
1.083000000000000000e+03
5.600000000000000000e+02
5.910000000000000000e+02
8.410000000000000000e+02
1.503000000000000000e+03
9.000000000000000000e+02
1.793000000000000000e+03
6.200000000000000000e+02
7.050000000000000000e+02
1.103000000000000000e+03
2.310000000000000000e+02
8.650000000000000000e+02
8.770000000000000000e+02
9.440000000000000000e+02
1.213000000000000000e+03
4.540000000000000000e+02
1.612000000000000000e+03
2.120000000000000000e+02
5.860000000000000000e+02
4.360000000000000000e+02
2.460000000000000000e+02
4.210000000000000000e+02
2.214000000000000000e+03
1.215000000000000000e+03
2.080000000000000000e+02
6.440000000000000000e+02
1.132000000000000000e+03
1.128000000000000000e+03
1.541000000000000000e+03
6.580000000000000000e+02
1.671000000000000000e+03
2.740000000000000000e+02
9.340000000000000000e+02
3.020000000000000000e+02
3.620000000000000000e+02
1.137000000000000000e+03
1.543000000000000000e+03
6.140000000000000000e+02
3.470000000000000000e+02
5.830000000000000000e+02
4.470000000000000000e+02
1.251000000000000000e+03
1.411000000000000000e+03
5.510000000000000000e+02
4.690000000000000000e+02
3.060000000000000000e+02
4.260000000000000000e+02
4.700000000000000000e+02
2.720000000000000000e+02
5.190000000000000000e+02
7.560000000000000000e+02
6.690000000000000000e+02
6.130000000000000000e+02
6.930000000000000000e+02
8.660000000000000000e+02
1.906000000000000000e+03
5.880000000000000000e+02
8.510000000000000000e+02
3.310000000000000000e+02
8.550000000000000000e+02
1.300000000000000000e+02
5.550000000000000000e+02
2.970000000000000000e+02
5.010000000000000000e+02
6.890000000000000000e+02
1.710000000000000000e+02
6.040000000000000000e+02
3.830000000000000000e+02
2.096000000000000000e+03
1.244000000000000000e+03
6.650000000000000000e+02
1.017000000000000000e+03
7.450000000000000000e+02
7.850000000000000000e+02
3.390000000000000000e+02
3.910000000000000000e+02
3.250000000000000000e+02
7.120000000000000000e+02
5.590000000000000000e+02
5.650000000000000000e+02
3.130000000000000000e+02
6.850000000000000000e+02
9.560000000000000000e+02
4.020000000000000000e+02
2.300000000000000000e+02
4.900000000000000000e+02
1.427000000000000000e+03
3.610000000000000000e+02
3.860000000000000000e+02
1.006000000000000000e+03
3.550000000000000000e+02
1.183000000000000000e+03
1.170000000000000000e+03
1.897000000000000000e+03
2.520000000000000000e+02
4.250000000000000000e+02
2.760000000000000000e+02
1.802000000000000000e+03
5.510000000000000000e+02
1.278000000000000000e+03
6.000000000000000000e+02
8.390000000000000000e+02
9.550000000000000000e+02
7.020000000000000000e+02
1.173000000000000000e+03
3.980000000000000000e+02
1.198000000000000000e+03
5.400000000000000000e+02
6.100000000000000000e+02
7.830000000000000000e+02
2.030000000000000000e+02
2.618000000000000000e+03
2.434000000000000000e+03
6.560000000000000000e+02
2.109000000000000000e+03
2.040000000000000000e+02
1.930000000000000000e+03
5.210000000000000000e+02
4.070000000000000000e+02
9.040000000000000000e+02
3.840000000000000000e+02
3.190000000000000000e+02
2.372000000000000000e+03
6.140000000000000000e+02
5.460000000000000000e+02
8.650000000000000000e+02
3.210000000000000000e+02
2.130000000000000000e+02
1.830000000000000000e+02
2.880000000000000000e+02
1.909000000000000000e+03
3.840000000000000000e+02
3.500000000000000000e+02
2.228000000000000000e+03
1.133000000000000000e+03
3.390000000000000000e+02
4.060000000000000000e+02
9.770000000000000000e+02
4.360000000000000000e+02
9.470000000000000000e+02
2.335000000000000000e+03
2.310000000000000000e+02
3.450000000000000000e+02
4.820000000000000000e+02
1.179000000000000000e+03
4.970000000000000000e+02
1.638000000000000000e+03
4.810000000000000000e+02
1.580000000000000000e+02
5.590000000000000000e+02
6.230000000000000000e+02
2.333000000000000000e+03
6.160000000000000000e+02
1.353000000000000000e+03
7.330000000000000000e+02
1.695000000000000000e+03
4.480000000000000000e+02
1.144000000000000000e+03
7.250000000000000000e+02
1.224000000000000000e+03
2.017000000000000000e+03
6.080000000000000000e+02
2.730000000000000000e+02
4.030000000000000000e+02
4.580000000000000000e+02
5.810000000000000000e+02
1.475000000000000000e+03
1.243000000000000000e+03
7.390000000000000000e+02
5.730000000000000000e+02
4.560000000000000000e+02
3.900000000000000000e+02
5.480000000000000000e+02
1.135000000000000000e+03
5.510000000000000000e+02
1.340000000000000000e+02
4.910000000000000000e+02
3.280000000000000000e+02
9.460000000000000000e+02
3.560000000000000000e+02
9.650000000000000000e+02
5.740000000000000000e+02
2.840000000000000000e+02
5.720000000000000000e+02
4.660000000000000000e+02
8.360000000000000000e+02
4.940000000000000000e+02
2.161000000000000000e+03
1.284000000000000000e+03
2.980000000000000000e+02
2.580000000000000000e+02
2.230000000000000000e+03
7.140000000000000000e+02
2.400000000000000000e+02
1.079000000000000000e+03
5.520000000000000000e+02
6.060000000000000000e+02
1.029000000000000000e+03
2.195000000000000000e+03
2.890000000000000000e+02
3.190000000000000000e+02
1.012000000000000000e+03
7.110000000000000000e+02
4.610000000000000000e+02
5.770000000000000000e+02
5.430000000000000000e+02
7.810000000000000000e+02
4.890000000000000000e+02
2.250000000000000000e+02
4.990000000000000000e+02
5.910000000000000000e+02
1.066000000000000000e+03
9.770000000000000000e+02
4.930000000000000000e+02
8.980000000000000000e+02
2.470000000000000000e+02
6.380000000000000000e+02
8.110000000000000000e+02
2.329000000000000000e+03
3.520000000000000000e+02
5.240000000000000000e+02
5.670000000000000000e+02
9.510000000000000000e+02
4.020000000000000000e+02
1.027000000000000000e+03
1.703000000000000000e+03
3.660000000000000000e+02
8.150000000000000000e+02
3.950000000000000000e+02
8.740000000000000000e+02
7.920000000000000000e+02
2.590000000000000000e+02
7.730000000000000000e+02
8.280000000000000000e+02
3.120000000000000000e+02
1.058000000000000000e+03
1.623000000000000000e+03
6.550000000000000000e+02
1.308000000000000000e+03
9.420000000000000000e+02
8.650000000000000000e+02
7.330000000000000000e+02
1.041000000000000000e+03
4.790000000000000000e+02
1.757000000000000000e+03
5.900000000000000000e+02
7.810000000000000000e+02
5.510000000000000000e+02
9.240000000000000000e+02
6.350000000000000000e+02
5.330000000000000000e+02
1.720000000000000000e+02
1.408000000000000000e+03
8.410000000000000000e+02
4.390000000000000000e+02
1.550000000000000000e+03
1.244000000000000000e+03
6.280000000000000000e+02
4.730000000000000000e+02
1.254000000000000000e+03
1.124000000000000000e+03
8.720000000000000000e+02
3.610000000000000000e+02
7.630000000000000000e+02
1.537000000000000000e+03
1.787000000000000000e+03
4.310000000000000000e+02
4.460000000000000000e+02
6.850000000000000000e+02
1.211000000000000000e+03
1.589000000000000000e+03
3.690000000000000000e+02
1.274000000000000000e+03
2.540000000000000000e+02
4.670000000000000000e+02
1.924000000000000000e+03
7.060000000000000000e+02
4.930000000000000000e+02
2.330000000000000000e+02
1.963000000000000000e+03
1.414000000000000000e+03
6.810000000000000000e+02
5.410000000000000000e+02
8.330000000000000000e+02
4.080000000000000000e+02
4.090000000000000000e+02
7.380000000000000000e+02
7.740000000000000000e+02
7.070000000000000000e+02
4.700000000000000000e+02
3.480000000000000000e+02
1.900000000000000000e+02
6.530000000000000000e+02
2.350000000000000000e+02
2.580000000000000000e+02
1.167000000000000000e+03
1.567000000000000000e+03
9.220000000000000000e+02
1.199000000000000000e+03
5.140000000000000000e+02
1.329000000000000000e+03
2.620000000000000000e+02
6.540000000000000000e+02
7.330000000000000000e+02
2.880000000000000000e+02
3.740000000000000000e+02
1.755000000000000000e+03
2.391000000000000000e+03
1.343000000000000000e+03
1.950000000000000000e+03
2.110000000000000000e+02
9.200000000000000000e+02
1.750000000000000000e+02
3.720000000000000000e+02
1.061000000000000000e+03
9.110000000000000000e+02
7.760000000000000000e+02
3.890000000000000000e+02
3.300000000000000000e+02
1.568000000000000000e+03
4.860000000000000000e+02
3.650000000000000000e+02
3.890000000000000000e+02
8.080000000000000000e+02
2.460000000000000000e+02
2.853000000000000000e+03
7.720000000000000000e+02
1.185000000000000000e+03
1.368000000000000000e+03
1.268000000000000000e+03
7.510000000000000000e+02
3.650000000000000000e+02
2.360000000000000000e+02
4.660000000000000000e+02
2.470000000000000000e+02
6.980000000000000000e+02
1.236000000000000000e+03
7.020000000000000000e+02
4.450000000000000000e+02
3.320000000000000000e+02
7.840000000000000000e+02
2.130000000000000000e+02
1.617000000000000000e+03
1.163000000000000000e+03
3.890000000000000000e+02
3.920000000000000000e+02
