3.570000000000000000e+02
5.490000000000000000e+02
1.823000000000000000e+03
4.170000000000000000e+02
3.570000000000000000e+02
3.120000000000000000e+02
3.290000000000000000e+02
1.202000000000000000e+03
5.610000000000000000e+02
9.050000000000000000e+02
9.790000000000000000e+02
2.953000000000000000e+03
1.475000000000000000e+03
8.100000000000000000e+02
1.073000000000000000e+03
3.450000000000000000e+02
5.490000000000000000e+02
6.960000000000000000e+02
2.570000000000000000e+02
2.079000000000000000e+03
6.360000000000000000e+02
4.200000000000000000e+02
1.708000000000000000e+03
1.206000000000000000e+03
1.051000000000000000e+03
1.226000000000000000e+03
5.330000000000000000e+02
8.850000000000000000e+02
3.840000000000000000e+02
1.892000000000000000e+03
6.880000000000000000e+02
6.340000000000000000e+02
4.210000000000000000e+02
8.210000000000000000e+02
3.410000000000000000e+02
3.140000000000000000e+02
6.260000000000000000e+02
3.730000000000000000e+02
6.390000000000000000e+02
4.930000000000000000e+02
9.200000000000000000e+02
3.270000000000000000e+02
8.140000000000000000e+02
5.150000000000000000e+02
7.150000000000000000e+02
1.073000000000000000e+03
6.070000000000000000e+02
1.300000000000000000e+02
2.400000000000000000e+02
2.530000000000000000e+02
5.210000000000000000e+02
7.040000000000000000e+02
3.270000000000000000e+02
4.540000000000000000e+02
2.480000000000000000e+02
5.120000000000000000e+02
6.880000000000000000e+02
1.498000000000000000e+03
7.770000000000000000e+02
7.180000000000000000e+02
3.490000000000000000e+02
4.750000000000000000e+02
9.180000000000000000e+02
1.539000000000000000e+03
1.227000000000000000e+03
2.034000000000000000e+03
2.830000000000000000e+02
1.384000000000000000e+03
4.940000000000000000e+02
4.660000000000000000e+02
3.520000000000000000e+02
4.730000000000000000e+02
9.260000000000000000e+02
7.110000000000000000e+02
2.310000000000000000e+02
2.600000000000000000e+02
1.580000000000000000e+02
8.170000000000000000e+02
1.152000000000000000e+03
3.380000000000000000e+02
1.433000000000000000e+03
2.620000000000000000e+02
8.280000000000000000e+02
3.730000000000000000e+02
8.050000000000000000e+02
4.740000000000000000e+02
1.357000000000000000e+03
1.815000000000000000e+03
1.128000000000000000e+03
3.480000000000000000e+02
1.012000000000000000e+03
1.019000000000000000e+03
8.800000000000000000e+02
3.130000000000000000e+02
4.810000000000000000e+02
4.580000000000000000e+02
8.000000000000000000e+02
1.060000000000000000e+03
6.590000000000000000e+02
3.410000000000000000e+02
5.120000000000000000e+02
7.180000000000000000e+02
8.240000000000000000e+02
1.109000000000000000e+03
4.380000000000000000e+02
2.604000000000000000e+03
1.347000000000000000e+03
5.600000000000000000e+02
5.780000000000000000e+02
1.620000000000000000e+03
8.230000000000000000e+02
1.190000000000000000e+03
1.900000000000000000e+02
2.860000000000000000e+02
1.701000000000000000e+03
5.610000000000000000e+02
6.050000000000000000e+02
1.523000000000000000e+03
3.120000000000000000e+02
1.400000000000000000e+03
5.490000000000000000e+02
4.630000000000000000e+02
6.230000000000000000e+02
4.860000000000000000e+02
5.500000000000000000e+02
6.540000000000000000e+02
7.740000000000000000e+02
3.980000000000000000e+02
7.170000000000000000e+02
4.000000000000000000e+02
3.620000000000000000e+02
4.900000000000000000e+02
2.107000000000000000e+03
3.310000000000000000e+02
4.930000000000000000e+02
6.490000000000000000e+02
1.265000000000000000e+03
4.280000000000000000e+02
3.890000000000000000e+02
3.370000000000000000e+02
1.780000000000000000e+03
1.114000000000000000e+03
2.402000000000000000e+03
1.089000000000000000e+03
1.039000000000000000e+03
2.610000000000000000e+02
4.690000000000000000e+02
9.240000000000000000e+02
4.250000000000000000e+02
7.120000000000000000e+02
1.848000000000000000e+03
3.710000000000000000e+02
1.318000000000000000e+03
4.120000000000000000e+02
1.114000000000000000e+03
9.870000000000000000e+02
3.710000000000000000e+02
1.344000000000000000e+03
5.210000000000000000e+02
3.230000000000000000e+02
3.990000000000000000e+02
5.190000000000000000e+02
5.180000000000000000e+02
1.700000000000000000e+02
5.990000000000000000e+02
6.430000000000000000e+02
4.670000000000000000e+02
3.740000000000000000e+02
4.770000000000000000e+02
1.669000000000000000e+03
6.440000000000000000e+02
6.390000000000000000e+02
3.550000000000000000e+02
1.387000000000000000e+03
3.780000000000000000e+02
1.256000000000000000e+03
1.124000000000000000e+03
6.400000000000000000e+02
1.782000000000000000e+03
4.460000000000000000e+02
6.500000000000000000e+02
1.730000000000000000e+02
3.430000000000000000e+02
5.200000000000000000e+02
6.510000000000000000e+02
1.164000000000000000e+03
6.420000000000000000e+02
8.750000000000000000e+02
6.110000000000000000e+02
1.620000000000000000e+03
8.250000000000000000e+02
6.600000000000000000e+02
2.149000000000000000e+03
7.990000000000000000e+02
4.000000000000000000e+02
2.205000000000000000e+03
4.740000000000000000e+02
